((("creatGoods" .
   [0 0 0 1 0 0 0 0 0 0])
  (":oms_sql_get_goods" .
   [1 0 0 0 0 0 0 0 0 0 0 0 0 0 0 0 0 0])
  ("get_oms_order" .
   [0 0 0 0 1 0 0 0 0 0 0 0 0])
  ("comm_/confh" .
   [0 0 0 0 0 0 0 0 1 0 0])
  ("comm_" .
   [0 0 0 0 1])
  (":oms_sql_get_order" .
   [0 0 0 0 0 0 0 0 2 0 0 0 0 0 0 0 0 0])
  ("confh" .
   [0 0 0 0 1])
  ("poc_promotion" .
   [0 0 0 1 0 0 0 0 0 0 0 0 0])
  ("car" .
   [2 0 0])
  ("web" .
   [1 0 0])
  ("pay" .
   [1 0 0])
  ("and" .
   [1 0 0])
  ("as" .
   [1 0])
  ("events_info_1" .
   [0 0 0 0 0 0 0 1 0 0 0 0 0])
  ("table" .
   [1 0 0 0 0])
  ("TO" .
   [1 0])
  ("oid" .
   [1 0 0])
  ("top_sim" .
   [1 0 0 0 0 0 0])
  ("item" .
   [1 0 0 0])
  ("gid" .
   [2 0 0])
  ("append" .
   [0 0 0 1 0 0])
  ("index" .
   [1 0 0 0 0])
  ("result" .
   [1 0 0 0 0 0])
  ("cdoc" .
   [3 0 0 0])
  ("project_id" .
   [1 0 0 0 0 0 0 0 0 0])
  ("init" .
   [1 0 0 0])
  ("doc" .
   [1 0 0])
  ("row" .
   [2 0 0])
  ("corpus_pids_map" .
   [1 0 0 0 0 0 0 0 0 0 0 0 0 0 0])
  ("set" .
   [1 0 0])
  ("update" .
   [3 0 0 0 0 0])
  ("stop-and-reset-pool!" .
   [0 0 0 0 0 1 0 0 0 0 0 0 0 0 0 0 0 0 0 0])
  ("get_one_reco_info" .
   [0 0 0 0 0 0 1 0 0 0 0 0 0 0 0 0 0])
  ("get_uids_url" .
   [0 0 0 0 1 0 0 0 0 0 0 0])
  ("redc/add_rec_id_users" .
   [0 0 0 0 0 0 0 0 0 0 0 0 0 0 0 0 0 1 0 0 0])
  ("redc" .
   [1 0 0 0])
  ("recommand-users.redis-client" .
   [0 0 0 0 0 0 1 0 0 0 0 0 0 0 0 0 0 0 0 0 0 0 0 0 0 0 0 0])
  ("get_users" .
   [0 0 0 0 1 0 0 0 0])
  ("httpc" .
   [2 0 0 0 0])
  ("recommand-users.http-client" .
   [0 0 0 0 0 0 1 0 0 0 0 0 0 0 0 0 0 0 0 0 0 0 0 0 0 0 0])
  ("xpath" .
   [1 0 0 0 0])
  ("xps" .
   [2 0 0])
  ("url" .
   [3 0 0])
  ("ok" .
   [3 0])
  ("t5" .
   [1 0])
  ("t4" .
   [1 0])
  ("t3" .
   [1 0])
  ("t2" .
   [1 0])
  ("t1" .
   [1 0])
  ("temp_" .
   [0 0 0 0 1])
  ("t0" .
   [2 0])
  ("click_id" .
   [1 0 0 0 0 0 1 0])
  ("by" .
   [1 0])
  ("group" .
   [1 0 0 0 0])
  ("where" .
   [2 0 0 0 0])
  ("nil?" .
   [0 0 0 1])
  ("req_item" .
   [0 0 0 1 0 0 0 0])
  ("condi_" .
   [2 0 0 0 0 0])
  ("condition" .
   [0 0 0 0 0 1 0 0 0])
  (":condition_format" .
   [1 0 0 0 0 0 0 0 0 0 0 0 0 0 0 0 0])
  ("false" .
   [1 0 0 0 0])
  (":name" .
   [2 0 0 0 0])
  ("c" .
   [3])
  ("sql_m_update_active_ip" .
   [0 0 0 0 0 0 0 0 0 0 0 0 0 0 0 1 0 0 0 0 0 0])
  ("listener" .
   [0 0 2 0 0 0 0 0])
  ("stop-server" .
   [0 0 0 0 1 0 0 0 0 0 0])
  ("require" .
   [0 0 1 0 1 0 0])
  ("print" .
   [0 0 0 2 0])
  ("def" .
   [17 0 1])
  ("m7.core" .
   [0 0 0 1 0 0 0])
  ("cc" .
   [1 0])
  ("cc/tom" .
   [1 0 0 0 0 0])
  ("tt" .
   [1 0])
  ("tom" .
   [2 0 0])
  ("get" .
   [3 0 0])
  ("key" .
   [8 0 1])
  ("dbc" .
   [7 0 0])
  ("action" .
   [2 0 0 0 0 0])
  ("config" .
   [1 0 0 0 0 0])
  ("conf" .
   [2 0 0 0])
  ("sql" .
   [13 0 0])
  ("cid" .
   [3 0 0])
  ("cids" .
   [1 0 0 0])
  ("rows" .
   [5 0 0 0])
  ("aff_set" .
   [2 0 0 0 0 0 0])
  ("aff" .
   [1 0 0])
  ("key_" .
   [1 0 0 0])
  ("name_" .
   [1 0 0 0 0])
  (":use" .
   [1 0 0 0])
  ("info" .
   [31 0 0 0])
  ("task_clear_limit" .
   [0 0 0 0 2 0 0 0 0 0 1 0 0 0 0 0])
  ("task" .
   [3 0 0 0])
  ("show-Allschedule" .
   [0 0 0 0 3 0 0 0 0 0 0 0 0 0 0 0])
  ("stop_AllSchedule" .
   [0 0 0 0 1 1 0 0 0 0 0 0 0 0 0 0])
  ("ip-score-api.common-ipscore" .
   [0 0 1 1 0 0 0 0 0 0 0 0 0 0 0 0 0 0 0 0 0 0 0 0 0 0 0])
  (":as" .
   [10 0 0])
  ("comm" .
   [5 0 0 1])
  (":ip_score_source" .
   [0 0 0 0 2 0 0 0 0 0 0 0 0 0 0 0])
  (":every_time" .
   [0 0 0 0 0 0 1 0 0 0 0])
  ("source" .
   [6 0 0 0 0 0])
  ("comm/config" .
   [0 0 0 0 0 1 1 1 0 0 0])
  ("sources" .
   [5 0 0 0 0 0 0])
  ("clear_limit" .
   [0 0 0 0 0 1 0 0 0 0 0])
  ("contains?" .
   [0 0 0 0 0 0 0 1 0])
  ("limit_query_every_day" .
   [0 0 0 0 2 0 0 0 0 0 0 0 0 0 0 0 0 0 0 0 0])
  ("size" .
   [2 0 0 0])
  ("initial-delay:" .
   [0 0 0 0 1 0 0 0 0 0 0 0 0 0])
  ("init_limit" .
   [0 0 0 1 0 0 0 0 0 0])
  ("map_" .
   [1 0 0 0])
  ("spam_limit_query_every_day" .
   [0 0 2 2 2 0 0 0 0 0 0 0 0 0 0 0 0 0 0 0 0 0 0 0 0 0])
  ("send" .
   [1 0 0 0])
  ("inc" .
   [2 0 0])
  ("set_zero" .
   [0 0 0 0 2 0 0 0])
  (":t1" .
   [1 0 0])
  ("eval" .
   [4 0 0 0])
  ("in" .
   [8 0])
  ("do" .
   [7 0])
  ("limit_inc" .
   [0 0 0 0 1 0 0 0 0])
  ("if" .
   [10 0])
  (":limit_query" .
   [0 0 0 0 0 1 0 0 0 0 0 0])
  ("limit_query" .
   [0 0 0 0 1 0 0 0 0 0 0])
  (":limit_agent" .
   [0 0 0 0 0 1 0 0 0 0 0 0])
  ("ip-score-api.scorer-agent" .
   [0 0 0 1 0 0 0 0 0 0 0 0 0 0 0 0 0 0 0 0 0 0 0 0 0])
  ("score" .
   [0 0 0 1 0])
  ("#_" .
   [11 0])
  ("active_info" .
   [0 0 0 0 0 1 0 0 0 0 0])
  ("type" .
   [3 0 0 0])
  ("jj" .
   [3 0])
  ("prn" .
   [3 0 0])
  ("str" .
   [2 0 0])
  ("upload" .
   [0 0 0 0 1 0])
  ("upload_file_test" .
   [0 0 0 0 0 0 0 1 0 0 0 0 0 0 0 0])
  ("ge" .
   [2 0])
  ("c/to-long" .
   [0 0 0 0 0 1 0 0 0])
  ("date_str" .
   [0 0 0 0 0 1 0 0])
  ("timezone" .
   [1 0 0 0 0 0 0 0])
  ("int" .
   [2 0 0])
  ("get_unixTime_with_timeZone" .
   [0 0 0 0 0 0 2 0 0 0 0 0 0 0 0 0 0 0 0 0 0 0 0 0 0 0])
  ("c/to-date" .
   [0 0 1 0 0 0 0 0 0])
  ("c/from-string" .
   [0 0 1 0 0 0 0 0 0 0 0 0 0])
  ("df_1" .
   [2 0 0 0])
  ("format" .
   [1 0 0 0 0 0])
  ("new" .
   [1 0 0])
  ("Date" .
   [1 0 0 0])
  ("long" .
   [1 0 0 0])
  ("c/from-long" .
   [0 0 0 1 0 0 0 0 0 0 0])
  ("GET" .
   [1 0 0])
  ("common" .
   [0 0 0 0 9 0])
  ("common_" .
   [2 0 0 0 0 0 0])
  ("date_" .
   [2 0 0 0 0])
  ("read-string" .
   [0 0 0 0 0 0 1 0 0 0 0])
  ("POST" .
   [1 0 0 0])
  ("-main" .
   [4 0 0 0 0])
  ("s_date" .
   [1 0 0 0 0 0])
  ("s_long" .
   [1 0 0 0 0 0])
  ("check_time_range" .
   [0 0 0 0 0 1 0 0 0 0 0 0 0 0 0 0])
  ("common/cfile" .
   [0 0 0 0 0 0 1 0 2 1 0 0])
  (":sql_query_time_range_limit" .
   [0 0 0 0 0 1 0 0 0 0 0 0 0 0 0 0 0 0 0 0 0 0 0 0 0 0 0])
  (">=" .
   [5 0])
  ("true" .
   [4 0 0 0])
  ("event-query-api.redshift-client" .
   [0 0 0 0 0 1 0 0 0 0 0 0 0 0 0 0 0 0 0 0 0 0 0 0 0 0 0 0 0 0 0])
  ("redshift" .
   [0 0 0 0 1 0 0 0])
  (":sql_count_cid_days" .
   [0 0 0 0 0 0 0 0 0 0 0 1 0 0 0 0 0 0 0])
  ("try" .
   [1 0 0])
  ("00:00:00" .
   [1 0 0 0 0 0 0 0])
  ("event-query-api.event-handler" .
   [0 0 0 0 0 1 0 0 0 0 0 0 0 0 0 0 0 0 0 0 0 0 0 0 0 0 0 0 0])
  ("sql_" .
   [8 0 0 0])
  ("re-matcher" .
   [0 0 0 0 0 1 0 0 0 0])
  ("re-matches" .
   [1 0 0 0 1 0 0 0 0 0])
  ("offer_id" .
   [0 0 0 0 0 0 1 0])
  ("offer_id_pattern" .
   [0 0 0 0 0 0 0 0 0 1 0 0 0 0 0 0])
  ("export-active-api.common" .
   [0 0 0 0 0 0 1 0 0 0 0 0 0 0 0 0 0 0 0 0 0 0 0 0])
  ("export-active-api.s3-util" .
   [0 0 0 0 0 0 1 0 0 0 0 0 0 0 0 0 0 0 0 0 0 0 0 0 0])
  ("comm/cfile" .
   [0 0 0 0 0 0 1 0 0 0])
  ("delete" .
   [1 0 0 0 0 0])
  ("s3util" .
   [1 0 0 0 0 0])
  ("export-active-api.task-export" .
   [0 0 0 0 0 0 0 0 0 0 0 0 0 1 0 0 0 0 0 0 0 0 0 0 0 0 0 0 0])
  ("s3key" .
   [1 0 0 0 0])
  ("delete_key" .
   [0 0 0 0 0 0 0 1 0 0])
  ("delete_active_exoprt_files" .
   [0 0 0 0 0 0 0 0 0 0 0 0 0 0 1 0 0 0 0 0 0 0 0 0 0 0])
  ("d_time" .
   [0 0 0 0 0 1])
  ("chan" .
   [4 0 0 0])
  ("ch3" .
   [2 0 0])
  ("map" .
   [1 0 0])
  ("let" .
   [1 0 0])
  ("<!!" .
   [3 0 0])
  ("String" .
   [7 0 0 0 0 0])
  ("sd" .
   [1 0])
  ("sql_form" .
   [0 0 0 0 0 0 0 3])
  ("format_sql" .
   [1 0 0 0 0 0 0 0 0 0])
  ("args" .
   [3 0 0 0])
  (">!" .
   [1 0])
  ("ch" .
   [1 0])
  ("n_day" .
   [2 0 0 0 0])
  ("ids_pattern_is_OK" .
   [0 0 0 0 0 0 1 0 0 0 0 0 0 0 0 0 0])
  ("nil" .
   [7 0 0])
  ("fail" .
   [1 0 0 0])
  ("ch_rows" .
   [1 0 0 1 0 0 0])
  ("select" .
   [2 0 0 0 0 0])
  ("count" .
   [3 0 0 0 0])
  ("from" .
   [2 0 0 0])
  ("group_event_count" .
   [0 0 0 0 0 0 0 0 0 0 0 0 0 1 0 0 0])
  ("sql_select_count" .
   [1 0 0 0 0 0 0 0 0 0 0 0 0 0 0 0])
  ("ch_count" .
   [1 0 0 0 0 0 0 0])
  ("limit" .
   [11 0 0 0 0])
  ("offset" .
   [4 0 0 0 0 0])
  ("day" .
   [1 0 0])
  ("2016-03-21" .
   [1 0 0 0 0 0 0 0 0 0])
  ("hand_" .
   [1 0 0 0 0])
  ("zipmap" .
   [1 0 0 1 0 0])
  ("sql_str_v" .
   [0 0 0 1 1 0 0 0 0])
  ("dict_content" .
   [0 0 0 0 0 1 0 0 0 0 0 0])
  ("temp" .
   [3 0 0 0])
  ("com" .
   [2 0 0])
  ("join" .
   [1 0 0 0])
  (":msql_2_1" .
   [1 0 0 0 0 0 0 0 0])
  (":msql_2_2" .
   [1 0 0 0 0 0 0 0 0])
  (":msql_3_2" .
   [1 0 0 0 0 0 0 0 0])
  (":msql_3_1" .
   [1 0 0 0 0 0 0 0 0])
  (":msql_4_1" .
   [1 0 0 0 0 0 0 0 0])
  (":msql_4_2" .
   [1 0 0 0 0 0 0 0 0])
  (":msql_5_2" .
   [1 0 0 0 0 0 0 0 0])
  (":msql_5_1" .
   [1 0 0 0 0 0 0 0 0])
  ("prepare_one_reco" .
   [0 0 0 1 0 1 0 0 0 0 0 0 0 0 0 0])
  ("prefers" .
   [1 0 0 0 0 0 0])
  ("prepare_all_reco" .
   [0 0 0 1 1 0 0 0 0 0 0 0 0 0 0 0])
  ("get_new_query_url" .
   [0 0 0 0 0 1 0 0 0 0 0 0 0 0 0 0 0])
  ("n_url" .
   [1 0 0 0 0])
  ("events_time" .
   [1 0 0 0 0 0 0 0 0 0 0])
  ("f2" .
   [1 0])))
